3300.0 2.619345718e-13
3350.0 2.60094452222e-13
3400.0 2.50647206583e-13
3450.0 2.37237048776e-13
3500.0 2.27763755045e-13
3550.0 2.20578915338e-13
3600.0 2.17077944889e-13
3650.0 2.11365924733e-13
3700.0 2.02496375802e-13
3750.0 1.95145332148e-13
3800.0 1.89693962993e-13
3850.0 1.87024819344e-13
3900.0 1.80755486708e-13
3950.0 1.79154001032e-13
4000.0 1.87197791288e-13
4050.0 2.12770128809e-13
4100.0 1.4563071759e-13
4150.0 1.98027046192e-13
4200.0 2.26111224616e-13
4250.0 2.15795727953e-13
4300.0 1.71349874929e-13
4350.0 1.20960114433e-13
4400.0 1.72629634074e-13
4450.0 1.91117599091e-13
4500.0 1.92130217934e-13
4550.0 1.86379400134e-13
4600.0 1.80013484911e-13
4650.0 1.73426235509e-13
4700.0 1.65739104144e-13
4750.0 1.54679757907e-13
4800.0 1.33886943807e-13
4850.0 9.15666289311e-14
4900.0 1.07257715563e-13
4950.0 1.29422655085e-13
5000.0 1.32458762785e-13
5050.0 1.30328064826e-13
5100.0 1.28020745161e-13
5150.0 1.25085291462e-13
5200.0 1.21678547175e-13
5250.0 1.17842540357e-13
5300.0 1.14358635212e-13
5350.0 1.10589307583e-13
5400.0 1.0716011803e-13
5450.0 1.04142427923e-13
5500.0 1.0132003332e-13
5550.0 9.83183851279e-14
5600.0 9.54211505747e-14
5650.0 9.23684821872e-14
5700.0 8.94274797435e-14
5750.0 8.65137253623e-14
5800.0 8.44821029323e-14
5850.0 8.24344929125e-14
5900.0 7.96373279153e-14
5950.0 7.6804518612e-14
6000.0 7.46308180649e-14
6050.0 7.26624360299e-14
6100.0 7.10167891593e-14
6150.0 6.95457301983e-14
6200.0 6.76764117317e-14
6250.0 6.5262043477e-14
6300.0 6.26526729495e-14
6350.0 6.16131272274e-14
6400.0 5.93828114165e-14
6450.0 5.63509541005e-14
6500.0 5.06983691896e-14
6550.0 3.94764510912e-14
6600.0 4.37051718108e-14
6650.0 4.95652627005e-14
6700.0 5.07540960848e-14
6750.0 5.01895332956e-14
6800.0 4.91816253896e-14
6850.0 4.59874744915e-14
6900.0 4.2768352553e-14
6950.0 4.52533874294e-14
7000.0 4.44451752409e-14
7050.0 4.34152662708e-14
7100.0 4.24525718309e-14
7150.0 4.08327490218e-14
7200.0 3.81729488226e-14
7250.0 3.75443586393e-14
7300.0 3.73056818951e-14
7350.0 3.73461661278e-14
7400.0 3.67753880003e-14
7450.0 3.61167079561e-14
7500.0 3.52450536628e-14
7550.0 3.45881074661e-14
7600.0 2.18571492771e-14
7650.0 2.39385495443e-14
7700.0 3.17569841721e-14
7750.0 3.14352774571e-14
7800.0 3.08341156898e-14
7850.0 3.01634761265e-14
7900.0 2.94826502412e-14
7950.0 2.91129654927e-14
8000.0 2.81994559081e-14
8050.0 2.75695033247e-14
8100.0 2.68071512787e-14
8150.0 2.47802386983e-14
8200.0 2.44564264233e-14
8250.0 2.41386404475e-14
8300.0 2.37609892691e-14
8350.0 2.37381982184e-14
8400.0 2.37389841678e-14
8450.0 2.33510968459e-14
8500.0 2.25103812993e-14
8550.0 2.1962838773e-14
8600.0 2.15488352322e-14
8650.0 2.10469169809e-14
8700.0 2.07101000846e-14
8750.0 2.0100395227e-14
8800.0 1.94740086523e-14
8850.0 1.93791248884e-14
8900.0 1.90213216543e-14
8950.0 1.7537780584e-14
9000.0 1.60374636139e-14
9050.0 1.66695372743e-14
9100.0 1.58175027372e-14
9150.0 1.54020494992e-14
9200.0 1.55469445011e-14
9250.0 1.52383251953e-14
9300.0 1.32633981207e-14
9350.0 1.02706393925e-14
9400.0 1.24785750611e-14
9450.0 1.15121671296e-14
9500.0 1.09388959746e-14
9550.0 1.08446105362e-14
9600.0 1.12584404974e-14
9650.0 1.20716344629e-14
9700.0 1.31122504056e-14
9750.0 1.29900694064e-14
9800.0 1.32180853419e-14
9850.0 1.30962887499e-14
9900.0 1.32541021603e-14
9950.0 1.27636398551e-14
10000.0 1.11897582254e-14
