3300.0 7.03060701529e-14
3350.0 7.09138539938e-14
3400.0 7.25542519577e-14
3450.0 7.05963931113e-14
3500.0 7.30271941034e-14
3550.0 7.50177435327e-14
3600.0 7.4167851991e-14
3650.0 7.92565153694e-14
3700.0 7.92167926859e-14
3750.0 7.69765012318e-14
3800.0 8.48112588934e-14
3850.0 8.41587437172e-14
3900.0 8.31555975812e-14
3950.0 7.42722382107e-14
4000.0 9.39941273646e-14
4050.0 9.77036203401e-14
4100.0 9.64834866924e-14
4150.0 9.89747718921e-14
4200.0 9.68996307544e-14
4250.0 9.40248919084e-14
4300.0 8.82030883396e-14
4350.0 9.26919863529e-14
4400.0 9.60097524588e-14
4450.0 9.85599968559e-14
4500.0 9.99069441389e-14
4550.0 9.93568718239e-14
4600.0 1.001163573e-13
4650.0 9.98883403005e-14
4700.0 9.92258863637e-14
4750.0 9.89540294774e-14
4800.0 9.87957421942e-14
4850.0 9.44794215667e-14
4900.0 9.71915577455e-14
4950.0 9.74563866216e-14
5000.0 9.63120649356e-14
5050.0 9.57277710244e-14
5100.0 9.56930398143e-14
5150.0 9.39304158047e-14
5200.0 9.26432998328e-14
5250.0 9.43848078719e-14
5300.0 9.43341550273e-14
5350.0 9.37806284813e-14
5400.0 9.28182088226e-14
5450.0 9.23905810399e-14
5500.0 9.2319899692e-14
5550.0 9.18406051489e-14
5600.0 9.05408670053e-14
5650.0 9.02659188365e-14
5700.0 8.89346482253e-14
5750.0 8.86104645805e-14
5800.0 8.84636217798e-14
5850.0 8.81675901924e-14
5900.0 8.6440382434e-14
5950.0 8.60967526874e-14
6000.0 8.52154226139e-14
6050.0 8.44325592839e-14
6100.0 8.37454138142e-14
6150.0 8.29985435289e-14
6200.0 8.24208945746e-14
6250.0 8.0883636405e-14
6300.0 7.93121282851e-14
6350.0 7.99600859628e-14
6400.0 7.9006123801e-14
6450.0 7.81450140613e-14
6500.0 7.737381124e-14
6550.0 7.29689510092e-14
6600.0 7.58111058749e-14
6650.0 7.59936688987e-14
6700.0 7.54868142818e-14
6750.0 7.4784769129e-14
6800.0 7.39610175495e-14
6850.0 6.99261407367e-14
6900.0 6.5754052104e-14
6950.0 7.04775979364e-14
7000.0 7.01172093438e-14
7050.0 6.950922862e-14
7100.0 6.88500096542e-14
7150.0 6.71442178726e-14
7200.0 6.35266143254e-14
7250.0 6.35835379915e-14
7300.0 6.3646566891e-14
7350.0 6.4721120092e-14
7400.0 6.44996359614e-14
7450.0 6.41073990916e-14
7500.0 6.32554829881e-14
7550.0 6.27085559058e-14
7600.0 4.02896522004e-14
7650.0 4.44936293481e-14
7700.0 5.99017144571e-14
7750.0 6.04529220737e-14
7800.0 6.00110875796e-14
7850.0 5.92490497521e-14
7900.0 5.85553417943e-14
7950.0 5.7981099361e-14
8000.0 5.73113619194e-14
8050.0 5.66537865799e-14
8100.0 5.56994190121e-14
8150.0 5.23968869963e-14
8200.0 5.20466759965e-14
8250.0 5.18457075572e-14
8300.0 5.1744538532e-14
8350.0 5.23175926355e-14
8400.0 5.21749607231e-14
8450.0 5.18928215442e-14
8500.0 5.06270767404e-14
8550.0 4.9259326935e-14
8600.0 4.99601576861e-14
8650.0 4.84828887003e-14
8700.0 4.85939494631e-14
8750.0 4.80401767819e-14
8800.0 4.71037364738e-14
8850.0 4.66588640733e-14
8900.0 4.60936064682e-14
8950.0 4.39718393176e-14
9000.0 4.07695280483e-14
9050.0 4.23763497655e-14
9100.0 4.05077310925e-14
9150.0 3.96989037978e-14
9200.0 4.08549843278e-14
9250.0 4.0265883943e-14
9300.0 3.44076336764e-14
9350.0 2.66684319734e-14
9400.0 3.19863728813e-14
9450.0 2.96453843909e-14
9500.0 3.06318687395e-14
9550.0 3.0932424371e-14
9600.0 3.22610305814e-14
9650.0 3.38038430201e-14
9700.0 3.61141364325e-14
9750.0 3.47385327749e-14
9800.0 3.53808735624e-14
9850.0 3.60701743823e-14
9900.0 3.63371041547e-14
9950.0 3.65741752413e-14
10000.0 3.54503643349e-14
10050.0 3.45850636602e-14
10100.0 3.52677663863e-14
