3300.0 1.80548058713e-14
3350.0 1.85494522103e-14
3400.0 1.85636285094e-14
3450.0 1.82130429934e-14
3500.0 1.82257166538e-14
3550.0 1.88957440148e-14
3600.0 1.92582003889e-14
3650.0 1.98534037172e-14
3700.0 1.96796447662e-14
3750.0 2.00427896e-14
3800.0 2.19408530987e-14
3850.0 2.24439474877e-14
3900.0 2.22993132782e-14
3950.0 2.13612425674e-14
4000.0 2.39607672361e-14
4050.0 2.44292793938e-14
4100.0 2.32730332233e-14
4150.0 2.42954254991e-14
4200.0 2.38958301204e-14
4250.0 2.36397480097e-14
4300.0 2.3071922901e-14
4350.0 2.21739053307e-14
4400.0 2.33300328312e-14
4450.0 2.33830242989e-14
4500.0 2.35502583287e-14
4550.0 2.33129863617e-14
4600.0 2.32329864731e-14
4650.0 2.30948314558e-14
4700.0 2.29628076042e-14
4750.0 2.28156835007e-14
4800.0 2.2591144225e-14
4850.0 2.13077319978e-14
4900.0 2.22243231309e-14
4950.0 2.22848802683e-14
5000.0 2.19826828494e-14
5050.0 2.17689732997e-14
5100.0 2.16212277118e-14
5150.0 2.14588401595e-14
5200.0 2.12429103193e-14
5250.0 2.11885918871e-14
5300.0 2.11577247899e-14
5350.0 2.09562291599e-14
5400.0 2.07602788818e-14
5450.0 2.06456090116e-14
5500.0 2.05161244086e-14
5550.0 2.02224949988e-14
5600.0 2.00837427037e-14
5650.0 1.98209199375e-14
5700.0 1.94747096554e-14
5750.0 1.9296787465e-14
5800.0 1.92648093648e-14
5850.0 1.92003422767e-14
5900.0 1.8841552277e-14
5950.0 1.87321131081e-14
6000.0 1.85403616876e-14
6050.0 1.82856310871e-14
6100.0 1.80867707072e-14
6150.0 1.7793872378e-14
6200.0 1.76700315088e-14
6250.0 1.73724339129e-14
6300.0 1.70192181098e-14
6350.0 1.70322982101e-14
6400.0 1.68601236344e-14
6450.0 1.66917270239e-14
6500.0 1.64662228836e-14
6550.0 1.52875574794e-14
6600.0 1.60743282181e-14
6650.0 1.61725094031e-14
6700.0 1.60055682463e-14
6750.0 1.58567126917e-14
6800.0 1.56099990818e-14
6850.0 1.47584096171e-14
6900.0 1.39034481451e-14
6950.0 1.4847423413e-14
7000.0 1.47715008194e-14
7050.0 1.46299374376e-14
7100.0 1.44911884914e-14
7150.0 1.41061539514e-14
7200.0 1.3346141039e-14
7250.0 1.32234473315e-14
7300.0 1.32121952382e-14
7350.0 1.34476384658e-14
7400.0 1.34387001371e-14
7450.0 1.32711377623e-14
7500.0 1.31673438298e-14
7550.0 1.30655230264e-14
7600.0 8.46434815376e-15
7650.0 9.33034779399e-15
7700.0 1.24692189987e-14
7750.0 1.25723741763e-14
7800.0 1.24460487444e-14
7850.0 1.23106614869e-14
7900.0 1.21553234654e-14
7950.0 1.20139673022e-14
8000.0 1.18642620065e-14
8050.0 1.17173375783e-14
8100.0 1.15837897193e-14
8150.0 1.08468962319e-14
8200.0 1.07942630698e-14
8250.0 1.07031794239e-14
8300.0 1.06724595679e-14
8350.0 1.07807196375e-14
8400.0 1.07414306983e-14
8450.0 1.06735105828e-14
8500.0 1.04516017157e-14
8550.0 1.02633342618e-14
8600.0 1.02193624006e-14
8650.0 1.00644138798e-14
8700.0 9.96740712584e-15
8750.0 9.79049380352e-15
8800.0 9.66174027364e-15
8850.0 9.47401704035e-15
8900.0 9.38513857752e-15
8950.0 8.94488234035e-15
9000.0 8.32406924024e-15
9050.0 8.65214012727e-15
9100.0 8.2630031494e-15
9150.0 8.14288900109e-15
9200.0 8.28791041787e-15
9250.0 8.1533716219e-15
9300.0 6.97999008672e-15
9350.0 5.53092132912e-15
9400.0 6.62163130995e-15
9450.0 6.09757408852e-15
9500.0 6.24271476864e-15
9550.0 6.32141000926e-15
9600.0 6.61726057784e-15
9650.0 6.93371643017e-15
9700.0 7.4280913223e-15
9750.0 7.1188767094e-15
9800.0 7.20391453001e-15
9850.0 7.39857774766e-15
9900.0 7.3442983954e-15
9950.0 7.34470811842e-15
10000.0 7.01488737769e-15
10050.0 7.29942380278e-15
10100.0 7.11504998344e-15
