3300.0 4.19752047423e-14
3350.0 4.22990962878e-14
3400.0 4.22535175117e-14
3450.0 4.20709687827e-14
3500.0 4.28434676368e-14
3550.0 4.38494344916e-14
3600.0 4.38748557271e-14
3650.0 4.59023556997e-14
3700.0 4.66892883973e-14
3750.0 4.93353447638e-14
3800.0 5.48597102769e-14
3850.0 5.87623619498e-14
3900.0 5.88154587618e-14
3950.0 5.7125039276e-14
4000.0 6.32558535442e-14
4050.0 6.51494354194e-14
4100.0 5.88373344692e-14
4150.0 6.35513103357e-14
4200.0 6.36095205488e-14
4250.0 6.23509166786e-14
4300.0 6.02398375147e-14
4350.0 5.54935092246e-14
4400.0 6.02997275594e-14
4450.0 5.9937783814e-14
4500.0 5.97029341448e-14
4550.0 5.89926505609e-14
4600.0 5.87902137989e-14
4650.0 5.78515230622e-14
4700.0 5.72038141583e-14
4750.0 5.65761621462e-14
4800.0 5.60193710042e-14
4850.0 5.14442956821e-14
4900.0 5.40043250833e-14
4950.0 5.48542529757e-14
5000.0 5.41602542277e-14
5050.0 5.32890461569e-14
5100.0 5.26841952662e-14
5150.0 5.19524753354e-14
5200.0 5.13350531088e-14
5250.0 5.08278917263e-14
5300.0 5.06138022243e-14
5350.0 5.00856297677e-14
5400.0 4.94803978888e-14
5450.0 4.89810057412e-14
5500.0 4.86289983261e-14
5550.0 4.78888862382e-14
5600.0 4.72111575581e-14
5650.0 4.65075870141e-14
5700.0 4.57794943655e-14
5750.0 4.49453755434e-14
5800.0 4.47883141569e-14
5850.0 4.45973415087e-14
5900.0 4.36432093746e-14
5950.0 4.32301528886e-14
6000.0 4.29455532707e-14
6050.0 4.23555137257e-14
6100.0 4.16640067494e-14
6150.0 4.11784951411e-14
6200.0 4.06291113966e-14
6250.0 3.99816458773e-14
6300.0 3.89887762431e-14
6350.0 3.90546951653e-14
6400.0 3.85887539275e-14
6450.0 3.8238537508e-14
6500.0 3.76178516685e-14
6550.0 3.47006893937e-14
6600.0 3.60855086906e-14
6650.0 3.67094106608e-14
6700.0 3.63974616845e-14
6750.0 3.58272238536e-14
6800.0 3.54325882536e-14
6850.0 3.33456786004e-14
6900.0 3.13272679304e-14
6950.0 3.33926660118e-14
7000.0 3.3221911953e-14
7050.0 3.28127378583e-14
7100.0 3.25314937674e-14
7150.0 3.15797450348e-14
7200.0 2.96589457793e-14
7250.0 2.94947479885e-14
7300.0 2.95784207665e-14
7350.0 3.00777970608e-14
7400.0 2.9947271746e-14
7450.0 2.97103766413e-14
7500.0 2.93696097697e-14
7550.0 2.92500625857e-14
7600.0 1.90192557492e-14
7650.0 2.09265595014e-14
7700.0 2.77868459007e-14
7750.0 2.79394143162e-14
7800.0 2.76077807655e-14
7850.0 2.74335107682e-14
7900.0 2.68637427737e-14
7950.0 2.65268966655e-14
8000.0 2.62204855057e-14
8050.0 2.58719368312e-14
8100.0 2.56006307236e-14
8150.0 2.37741766562e-14
8200.0 2.3637034994e-14
8250.0 2.3480795481e-14
8300.0 2.3327302339e-14
8350.0 2.360737789e-14
8400.0 2.35864256e-14
8450.0 2.33510968459e-14
8500.0 2.284456283e-14
8550.0 2.23917725214e-14
8600.0 2.23163826997e-14
8650.0 2.19982679667e-14
8700.0 2.17461409029e-14
8750.0 2.13208540321e-14
8800.0 2.1293907277e-14
8850.0 2.07268909055e-14
8900.0 2.05324460154e-14
8950.0 1.96595979626e-14
9000.0 1.79777643745e-14
9050.0 1.86863097908e-14
9100.0 1.80774811888e-14
9150.0 1.77165239145e-14
9200.0 1.81486802117e-14
9250.0 1.75281966698e-14
9300.0 1.51444953367e-14
9350.0 1.16841596158e-14
9400.0 1.4104737101e-14
9450.0 1.30004111028e-14
9500.0 1.34082930214e-14
9550.0 1.33049718418e-14
9600.0 1.41344279656e-14
9650.0 1.49199056319e-14
9700.0 1.59395932359e-14
9750.0 1.54885753017e-14
9800.0 1.57024909416e-14
9850.0 1.58762614385e-14
9900.0 1.59790263799e-14
9950.0 1.58772228839e-14
10000.0 1.56466260413e-14
10050.0 1.53493001772e-14
