6450.0 1.55346428722e-14
6500.0 1.50589256699e-14
6550.0 1.44923262724e-14
6600.0 1.45791710668e-14
6650.0 1.46412249187e-14
6700.0 1.46107024897e-14
6750.0 1.44215904212e-14
6800.0 1.42364883649e-14
6850.0 1.34226899928e-14
6900.0 1.25638435992e-14
6950.0 1.33429265013e-14
7000.0 1.32015408195e-14
7050.0 1.29790369535e-14
7100.0 1.27733262687e-14
7150.0 1.24110526885e-14
7200.0 1.17423686283e-14
7250.0 1.16344187169e-14
7300.0 1.15924433614e-14
7350.0 1.16478568542e-14
7400.0 1.15653096071e-14
7450.0 1.14105914884e-14
7500.0 1.12693320659e-14
7550.0 1.10389254314e-14
7600.0 7.29110778291e-15
7650.0 8.02967250391e-15
7700.0 1.04577740097e-14
7750.0 1.04476183117e-14
7800.0 1.03141037944e-14
7850.0 1.01456853524e-14
7900.0 9.98082682582e-15
7950.0 9.80136236215e-15
8000.0 9.65252041762e-15
8050.0 9.52420955181e-15
8100.0 9.30359218414e-15
8150.0 8.72781406222e-15
8200.0 8.66947898424e-15
8250.0 8.55682806825e-15
8300.0 8.4307171341e-15
8350.0 8.45371791175e-15
8400.0 8.41515521476e-15
8450.0 8.30055793285e-15
8500.0 8.18809459848e-15
8550.0 8.00365709171e-15
8600.0 7.8672653859e-15
8650.0 7.76226540637e-15
8700.0 7.66623623122e-15
8750.0 7.4542610346e-15
8800.0 7.36979416918e-15
8850.0 7.21330276923e-15
8900.0 7.15221711611e-15
8950.0 6.77914045929e-15
9000.0 6.32609462928e-15
9050.0 6.49117838969e-15
9100.0 6.22211334678e-15
9150.0 6.09226119666e-15
9200.0 6.20076179762e-15
9250.0 6.1169824918e-15
9300.0 5.26083651362e-15
9350.0 4.12664852946e-15
9400.0 4.95866758878e-15
9450.0 4.50772160036e-15
9500.0 4.5433217341e-15
9550.0 4.65601059347e-15
9600.0 4.77175609439e-15
9650.0 4.96324914268e-15
9700.0 5.26353159755e-15
9750.0 5.11459761206e-15
9800.0 5.17092872445e-15
9850.0 5.19455372005e-15
9900.0 5.23299492711e-15
9950.0 4.95193050769e-15
10000.0 4.78212256622e-15
10050.0 5.244312702e-15
