3300.0 3.73072144155e-14
3350.0 3.65368488753e-14
3400.0 3.83586106693e-14
3450.0 3.75995383605e-14
3500.0 3.87868592519e-14
3550.0 3.96975767302e-14
3600.0 3.95745241363e-14
3650.0 4.31951487603e-14
3700.0 4.19969019967e-14
3750.0 4.0884450726e-14
3800.0 4.42642907312e-14
3850.0 4.36012804919e-14
3900.0 4.22563021127e-14
3950.0 3.7776916975e-14
4000.0 5.26139272883e-14
4050.0 5.39896679549e-14
4100.0 5.44067757431e-14
4150.0 5.53508773964e-14
4200.0 5.40906402604e-14
4250.0 5.24859234669e-14
4300.0 4.84712022431e-14
4350.0 5.30936018871e-14
4400.0 5.47917724971e-14
4450.0 5.70296466786e-14
4500.0 5.81829417271e-14
4550.0 5.78093264867e-14
4600.0 5.8251221879e-14
4650.0 5.8225710557e-14
4700.0 5.8213670994e-14
4750.0 5.83221443799e-14
4800.0 5.82288520316e-14
4850.0 5.56848720021e-14
4900.0 5.73361520104e-14
4950.0 5.75453591699e-14
5000.0 5.67127483715e-14
5050.0 5.6837889935e-14
5100.0 5.67127035122e-14
5150.0 5.48032412436e-14
5200.0 5.48042218445e-14
5250.0 5.59373767965e-14
5300.0 5.6165413906e-14
5350.0 5.57330921365e-14
5400.0 5.54668092047e-14
5450.0 5.5466108693e-14
5500.0 5.54236755869e-14
5550.0 5.53394370234e-14
5600.0 5.44558634909e-14
5650.0 5.45913466184e-14
5700.0 5.4134108815e-14
5750.0 5.36395361415e-14
5800.0 5.3649381038e-14
5850.0 5.34206257351e-14
5900.0 5.24223734115e-14
5950.0 5.22620897559e-14
6000.0 5.16794879765e-14
6050.0 5.15359105434e-14
6100.0 5.10694326228e-14
6150.0 5.05673821951e-14
6200.0 5.04007876959e-14
6250.0 4.97806620613e-14
6300.0 4.87236263486e-14
6350.0 4.90764626937e-14
6400.0 4.84909569644e-14
6450.0 4.80951489036e-14
6500.0 4.74891055339e-14
6550.0 4.49094879088e-14
6600.0 4.70037850812e-14
6650.0 4.68141791013e-14
6700.0 4.65447923926e-14
6750.0 4.60694637696e-14
6800.0 4.56039937536e-14
6850.0 4.32752474571e-14
6900.0 4.07307607259e-14
6950.0 4.35763744091e-14
7000.0 4.34735016784e-14
7050.0 4.31362580876e-14
7100.0 4.2766529181e-14
7150.0 4.17838659296e-14
7200.0 3.97151045407e-14
7250.0 3.97140967775e-14
7300.0 3.98267605238e-14
7350.0 4.04246273182e-14
7400.0 4.0323411097e-14
7450.0 4.00044365081e-14
7500.0 3.95456006325e-14
7550.0 3.92398013098e-14
7600.0 2.54679224267e-14
7650.0 2.7996119114e-14
7700.0 3.7621772472e-14
7750.0 3.79330093361e-14
7800.0 3.76211006799e-14
7850.0 3.72461501274e-14
7900.0 3.67761718671e-14
7950.0 3.63819896198e-14
8000.0 3.59617426615e-14
8050.0 3.56146714432e-14
8100.0 3.52087547332e-14
8150.0 3.29689780547e-14
8200.0 3.26582566858e-14
8250.0 3.26823145723e-14
8300.0 3.25885110439e-14
8350.0 3.29494183108e-14
8400.0 3.2950509235e-14
8450.0 3.26217522451e-14
8500.0 3.17674863145e-14
8550.0 3.07672353393e-14
8600.0 3.15517753038e-14
8650.0 3.03101780823e-14
8700.0 3.07738758711e-14
8750.0 3.04231792938e-14
8800.0 2.9885144401e-14
8850.0 2.96574742181e-14
8900.0 2.91098983987e-14
8950.0 2.78724170917e-14
9000.0 2.57238331531e-14
9050.0 2.68858359598e-14
9100.0 2.57239654902e-14
9150.0 2.53033786672e-14
9200.0 2.57777524202e-14
9250.0 2.57594886399e-14
9300.0 2.20726667194e-14
9350.0 1.70136494831e-14
9400.0 2.01820368928e-14
9450.0 1.88433053552e-14
9500.0 1.95062368104e-14
9550.0 1.97885494161e-14
9600.0 2.06385050915e-14
9650.0 2.16853320352e-14
9700.0 2.30397219926e-14
9750.0 2.21621286462e-14
9800.0 2.27388528665e-14
9850.0 2.30966100448e-14
9900.0 2.33104315484e-14
9950.0 2.32046243092e-14
10000.0 2.30791974619e-14
10050.0 2.2515862063e-14
10100.0 2.37562537424e-14
10150.0 2.33071203343e-14
10200.0 2.29308608748e-14
